AA,A,C,D,E,F,G,H,I,K,L,M,N,P,Q,R,S,T,V,W,Y
A,2.22,0,0.0,0.0,0.0,0.0,0.0,1.97,0.0,0.48,0.0,0,0.0,0.0,1.75,0.0,3.51,2.63,0,0.0
C,0,0,0,0,0,0,0,0,0,0,0,0,0,0,0,0,0,0,0,0
D,2.63,0,0.0,0.0,0.0,0.0,0.0,0.0,0.0,4.55,0.0,0,0.0,0.0,0.0,0.0,0.0,0.0,0,0.0
E,0.0,0,0.0,0.0,0.0,5.0,0.0,0.0,0.0,0.0,0.0,0,0.0,0.0,0.0,0.0,0.0,0.0,0,25.0
F,1.32,0,0.0,0.0,6.25,0.0,0.0,3.12,0.0,2.27,0.0,0,0.0,0.0,0.0,0.0,0.0,0.0,0,0.0
G,1.05,0,0.0,0.0,0.0,1.0,0.0,2.5,3.33,3.64,0.0,0,0.0,0.0,0.0,0.0,0.0,0.0,0,0.0
H,5.26,0,0.0,0.0,0.0,0.0,0.0,0.0,0.0,0.0,0.0,0,0.0,0.0,0.0,0.0,0.0,0.0,0,0.0
I,0.66,0,0.0,0.0,0.0,3.75,0.0,0.0,0.0,1.14,0.0,0,6.25,0.0,0.0,0.0,0.0,2.08,0,0.0
K,0.0,0,0.0,0.0,8.33,0.0,0.0,0.0,0.0,0.0,0.0,0,0.0,11.11,0.0,33.33,0.0,0.0,0,0.0
L,0.96,0,0.0,4.55,0.0,1.82,0.0,1.14,3.03,0.83,0.0,0,0.0,0.0,3.03,0.0,0.0,1.52,0,4.55
M,0.0,0,0.0,0.0,5.0,4.0,0.0,2.5,0.0,0.0,4.0,0,0.0,0.0,0.0,0.0,0.0,0.0,0,0.0
N,0,0,0,0,0,0,0,0,0,0,0,0,0,0,0,0,0,0,0,0
P,0.0,0,12.5,12.5,0.0,0.0,0.0,0.0,0.0,2.27,5.0,0,0.0,0.0,0.0,0.0,0.0,0.0,0,0.0
Q,0.0,0,0.0,0.0,8.33,0.0,0.0,0.0,11.11,0.0,0.0,0,8.33,0.0,0.0,0.0,0.0,0.0,0,0.0
R,0.0,0,0.0,0.0,0.0,0.0,33.33,0.0,0.0,0.0,0.0,0,0.0,11.11,0.0,0.0,11.11,0.0,0,0.0
S,0.0,0,0.0,0.0,0.0,0.0,0.0,0.0,0.0,0.0,0.0,0,0.0,0.0,33.33,0.0,0.0,0.0,0,0.0
T,1.75,0,0.0,0.0,0.0,0.0,0.0,0.0,0.0,0.0,0.0,0,8.33,11.11,0.0,0.0,0.0,0.0,0,0.0
V,0.88,0,8.33,0.0,0.0,1.67,0.0,0.0,0.0,0.0,10.0,0,0.0,0.0,0.0,0.0,0.0,0.0,0,0.0
W,0,0,0,0,0,0,0,0,0,0,0,0,0,0,0,0,0,0,0,0
Y,0.0,0,0.0,0.0,0.0,0.0,0.0,0.0,0.0,4.55,0.0,0,0.0,0.0,0.0,0.0,0.0,8.33,0,0.0
