AA,A,C,D,E,F,G,H,I,K,L,M,N,P,Q,R,S,T,V,W,Y
A,9.38,0.0,4.0,0.0,4.17,15.38,0.0,4.17,0.0,0.0,0.0,4.76,5.0,0.0,0.0,0.0,4.35,4.17,0.0,0.0
C,0.0,0,0.0,0.0,0.0,0.0,0.0,0.0,0.0,0.0,0.0,0.0,0.0,0.0,0.0,0.0,0.0,0.0,0.0,0.0
D,4.0,0.0,0.0,6.67,0.0,3.12,0.0,0.0,6.67,0.0,0.0,0.0,0.0,7.14,7.14,4.17,0.0,5.88,6.67,0.0
E,4.55,0.0,6.67,0.0,7.14,6.9,0.0,0.0,0.0,0.0,0.0,0.0,0.0,0.0,0.0,4.76,0.0,0.0,0.0,0.0
F,12.5,0.0,0.0,7.14,0.0,0.0,0.0,6.25,0.0,0.0,0.0,0.0,0.0,0.0,0.0,4.35,0.0,6.25,0.0,6.25
G,7.69,0.0,9.38,0.0,0.0,2.17,0.0,6.45,3.45,9.38,4.17,0.0,0.0,7.14,3.57,2.63,3.33,6.45,0.0,6.45
H,0.0,0.0,0.0,0.0,0.0,0.0,0.0,0.0,0.0,0.0,0.0,0.0,0.0,0.0,0.0,5.88,0.0,0.0,0.0,10.0
I,0.0,0.0,0.0,14.29,0.0,6.45,10.0,0.0,7.14,0.0,0.0,0.0,8.33,0.0,0.0,0.0,0.0,0.0,0.0,0.0
K,0.0,0.0,0.0,0.0,7.14,0.0,12.5,7.14,0.0,0.0,0.0,0.0,10.0,9.09,0.0,4.76,0.0,0.0,0.0,0.0
L,0.0,0.0,0.0,0.0,5.88,6.25,0.0,0.0,13.33,0.0,0.0,7.14,0.0,0.0,0.0,8.33,6.25,0.0,0.0,0.0
M,0.0,0.0,0.0,0.0,0.0,0.0,0.0,0.0,0.0,0.0,0.0,0.0,0.0,0.0,0.0,0.0,12.5,0.0,0.0,0.0
N,4.76,0.0,7.14,0.0,7.69,3.57,0.0,0.0,0.0,7.14,0.0,0.0,0.0,0.0,0.0,0.0,0.0,0.0,0.0,0.0
P,0.0,0.0,0.0,0.0,8.33,0.0,0.0,8.33,0.0,0.0,0.0,11.11,0.0,0.0,0.0,0.0,0.0,8.33,0.0,0.0
Q,0.0,0.0,0.0,0.0,0.0,0.0,0.0,0.0,0.0,0.0,0.0,10.0,11.11,0.0,0.0,10.0,8.33,0.0,0.0,0.0
R,4.76,0.0,0.0,0.0,0.0,0.0,0.0,7.69,0.0,14.29,0.0,0.0,0.0,0.0,0.0,0.0,0.0,7.69,0.0,0.0
S,3.23,0.0,0.0,0.0,4.35,5.26,0.0,4.35,0.0,12.5,0.0,5.0,0.0,0.0,0.0,3.33,4.55,4.35,9.52,4.35
T,0.0,0.0,0.0,0.0,0.0,10.0,0.0,0.0,0.0,0.0,0.0,0.0,0.0,0.0,8.33,4.55,0.0,0.0,0.0,13.33
V,4.17,0.0,0.0,0.0,6.25,9.68,0.0,0.0,0.0,0.0,0.0,0.0,0.0,0.0,7.69,4.35,0.0,0.0,0.0,6.25
W,0.0,0.0,20.0,8.33,0.0,0.0,0.0,0.0,0.0,0.0,0.0,0.0,0.0,9.09,0.0,0.0,0.0,0.0,8.33,0.0
Y,0.0,0.0,0.0,7.14,0.0,0.0,0.0,0.0,7.14,0.0,0.0,0.0,0.0,0.0,7.69,8.7,6.67,0.0,14.29,0.0
