AA,A,C,D,E,F,G,H,I,K,L,M,N,P,Q,R,S,T,V,W,Y
A,21.05,0.0,0.0,0.0,0.0,0.0,0.0,11.11,0.0,3.33,0.0,0.0,0.0,0.0,4.55,0.0,9.09,12.0,0.0,0.0
C,0.0,0,0.0,0.0,0.0,0.0,0.0,0.0,0.0,0.0,0.0,0,0.0,0.0,0.0,0.0,0.0,0.0,0,0.0
D,4.76,0.0,0.0,0.0,0.0,0.0,0.0,0.0,0.0,7.69,0.0,0.0,0.0,0.0,0.0,0.0,0.0,0.0,0.0,0.0
E,0.0,0.0,0.0,0.0,0.0,8.33,0.0,0.0,0.0,0.0,0.0,0.0,0.0,0.0,0.0,0.0,0.0,0.0,0.0,25.0
F,4.35,0.0,0.0,0.0,12.5,0.0,0.0,8.33,0.0,6.67,0.0,0.0,0.0,0.0,0.0,0.0,0.0,0.0,0.0,0.0
G,6.9,0.0,0.0,0.0,0.0,5.0,0.0,11.11,7.69,19.05,0.0,0.0,0.0,0.0,0.0,0.0,0.0,0.0,0.0,0.0
H,5.0,0.0,0.0,0.0,0.0,0.0,0.0,0.0,0.0,0.0,0.0,0.0,0.0,0.0,0.0,0.0,0.0,0.0,0.0,0.0
I,3.7,0.0,0.0,0.0,0.0,16.67,0.0,0.0,0.0,5.26,0.0,0.0,16.67,0.0,0.0,0.0,0.0,7.14,0.0,0.0
K,0.0,0.0,0.0,0.0,14.29,0.0,0.0,0.0,0.0,0.0,0.0,0.0,0.0,16.67,0.0,25.0,0.0,0.0,0.0,0.0
L,6.67,0.0,0.0,7.69,0.0,9.52,0.0,5.26,7.14,4.55,0.0,0.0,0.0,0.0,7.14,0.0,0.0,5.88,0.0,7.69
M,0.0,0.0,0.0,0.0,11.11,13.33,0.0,7.69,0.0,0.0,10.0,0.0,0.0,0.0,0.0,0.0,0.0,0.0,0.0,0.0
N,0.0,0,0.0,0.0,0.0,0.0,0.0,0.0,0.0,0.0,0.0,0,0.0,0.0,0.0,0.0,0.0,0.0,0,0.0
P,0.0,0.0,16.67,16.67,0.0,0.0,0.0,0.0,0.0,6.67,11.11,0.0,0.0,0.0,0.0,0.0,0.0,0.0,0.0,0.0
Q,0.0,0.0,0.0,0.0,14.29,0.0,0.0,0.0,16.67,0.0,0.0,0.0,14.29,0.0,0.0,0.0,0.0,0.0,0.0,0.0
R,0.0,0.0,0.0,0.0,0.0,0.0,25.0,0.0,0.0,0.0,0.0,0.0,0.0,16.67,0.0,0.0,16.67,0.0,0.0,0.0
S,0.0,0.0,0.0,0.0,0.0,0.0,0.0,0.0,0.0,0.0,0.0,0.0,0.0,0.0,25.0,0.0,0.0,0.0,0.0,0.0
T,4.55,0.0,0.0,0.0,0.0,0.0,0.0,0.0,0.0,0.0,0.0,0.0,14.29,16.67,0.0,0.0,0.0,0.0,0.0,0.0
V,4.0,0.0,12.5,0.0,0.0,6.25,0.0,0.0,0.0,0.0,27.27,0.0,0.0,0.0,0.0,0.0,0.0,0.0,0.0,0.0
W,0.0,0,0.0,0.0,0.0,0.0,0.0,0.0,0.0,0.0,0.0,0,0.0,0.0,0.0,0.0,0.0,0.0,0,0.0
Y,0.0,0.0,0.0,0.0,0.0,0.0,0.0,0.0,0.0,7.69,0.0,0.0,0.0,0.0,0.0,0.0,0.0,12.5,0.0,0.0
