AA,A,C,D,E,F,G,H,I,K,L,M,N,P,Q,R,S,T,V,W,Y
A,1.17,0,0.69,0.0,0.78,1.63,0.0,0.78,0.0,0.0,0.0,1.25,1.56,0.0,0.0,0.0,0.89,0.78,0.0,0.0
C,0,0,0,0,0,0,0,0,0,0,0,0,0,0,0,0,0,0,0,0
D,0.69,0,0.0,1.85,0.0,0.48,0.0,0.0,1.85,0.0,0.0,0.0,0.0,2.22,2.22,0.74,0.0,1.39,1.85,0.0
E,1.04,0,1.85,0.0,2.08,1.45,0.0,0.0,0.0,0.0,0.0,0.0,0.0,0.0,0.0,1.11,0.0,0.0,0.0,0.0
F,2.34,0,0.0,2.08,0.0,0.0,0.0,1.56,0.0,0.0,0.0,0.0,0.0,0.0,0.0,0.83,0.0,1.56,0.0,1.56
G,0.82,0,1.45,0.0,0.0,0.19,0.0,1.09,0.72,1.45,4.35,0.0,0.0,1.74,0.87,0.29,0.62,1.09,0.0,1.09
H,0.0,0,0.0,0.0,0.0,0.0,0.0,0.0,0.0,0.0,0.0,0.0,0.0,0.0,0.0,3.33,0.0,0.0,0.0,6.25
I,0.0,0,0.0,4.17,0.0,1.09,6.25,0.0,2.08,0.0,0.0,0.0,3.12,0.0,0.0,0.0,0.0,0.0,0.0,0.0
K,0.0,0,0.0,0.0,2.08,0.0,8.33,2.08,0.0,0.0,0.0,0.0,4.17,3.33,0.0,1.11,0.0,0.0,0.0,0.0
L,0.0,0,0.0,0.0,1.39,0.97,0.0,0.0,3.7,0.0,0.0,2.22,0.0,0.0,0.0,1.48,1.59,0.0,0.0,0.0
M,0.0,0,0.0,0.0,0.0,0.0,0.0,0.0,0.0,0.0,0.0,0.0,0.0,0.0,0.0,0.0,14.29,0.0,0.0,0.0
N,1.25,0,2.22,0.0,2.5,0.87,0.0,0.0,0.0,2.22,0.0,0.0,0.0,0.0,0.0,0.0,0.0,0.0,0.0,0.0
P,0.0,0,0.0,0.0,3.12,0.0,0.0,3.12,0.0,0.0,0.0,5.0,0.0,0.0,0.0,0.0,0.0,3.12,0.0,0.0
Q,0.0,0,0.0,0.0,0.0,0.0,0.0,0.0,0.0,0.0,0.0,4.0,5.0,0.0,0.0,2.67,2.86,0.0,0.0,0.0
R,1.25,0,0.0,0.0,0.0,0.0,0.0,2.5,0.0,4.44,0.0,0.0,0.0,0.0,0.0,0.0,0.0,2.5,0.0,0.0
S,0.42,0,0.0,0.0,0.83,0.58,0.0,0.83,0.0,2.22,0.0,1.33,0.0,0.0,0.0,0.44,0.95,0.83,2.22,0.83
T,0.0,0,0.0,0.0,0.0,1.86,0.0,0.0,0.0,0.0,0.0,0.0,0.0,0.0,2.86,0.95,0.0,0.0,0.0,3.57
V,0.78,0,0.0,0.0,1.56,1.63,0.0,0.0,0.0,0.0,0.0,0.0,0.0,0.0,2.5,0.83,0.0,0.0,0.0,1.56
W,0.0,0,5.56,2.78,0.0,0.0,0.0,0.0,0.0,0.0,0.0,0.0,0.0,3.33,0.0,0.0,0.0,0.0,2.78,0.0
Y,0.0,0,0.0,2.08,0.0,0.0,0.0,0.0,2.08,0.0,0.0,0.0,0.0,0.0,2.5,1.67,1.79,0.0,4.17,0.0
