AA,A,C,D,E,F,G,H,I,K,L,M,N,P,Q,R,S,T,V,W,Y
A,9.3,0.0,0.0,0.0,0.0,0.0,0.0,3.49,0.0,1.16,0.0,0.0,0.0,0.0,1.16,0.0,2.33,3.49,0.0,0.0
C,0.0,0.0,0.0,0.0,0.0,0.0,0.0,0.0,0.0,0.0,0.0,0.0,0.0,0.0,0.0,0.0,0.0,0.0,0.0,0.0
D,1.16,0.0,0.0,0.0,0.0,0.0,0.0,0.0,0.0,1.16,0.0,0.0,0.0,0.0,0.0,0.0,0.0,0.0,0.0,0.0
E,0.0,0.0,0.0,0.0,0.0,1.16,0.0,0.0,0.0,0.0,0.0,0.0,0.0,0.0,0.0,0.0,0.0,0.0,0.0,1.16
F,1.16,0.0,0.0,0.0,1.16,0.0,0.0,1.16,0.0,1.16,0.0,0.0,0.0,0.0,0.0,0.0,0.0,0.0,0.0,0.0
G,2.33,0.0,0.0,0.0,0.0,1.16,0.0,2.33,1.16,4.65,0.0,0.0,0.0,0.0,0.0,0.0,0.0,0.0,0.0,0.0
H,1.16,0.0,0.0,0.0,0.0,0.0,0.0,0.0,0.0,0.0,0.0,0.0,0.0,0.0,0.0,0.0,0.0,0.0,0.0,0.0
I,1.16,0.0,0.0,0.0,0.0,3.49,0.0,0.0,0.0,1.16,0.0,0.0,2.33,0.0,0.0,0.0,0.0,1.16,0.0,0.0
K,0.0,0.0,0.0,0.0,1.16,0.0,0.0,0.0,0.0,0.0,0.0,0.0,0.0,1.16,0.0,1.16,0.0,0.0,0.0,0.0
L,2.33,0.0,0.0,1.16,0.0,2.33,0.0,1.16,1.16,1.16,0.0,0.0,0.0,0.0,1.16,0.0,0.0,1.16,0.0,1.16
M,0.0,0.0,0.0,0.0,1.16,2.33,0.0,1.16,0.0,0.0,1.16,0.0,0.0,0.0,0.0,0.0,0.0,0.0,0.0,0.0
N,0.0,0.0,0.0,0.0,0.0,0.0,0.0,0.0,0.0,0.0,0.0,0.0,0.0,0.0,0.0,0.0,0.0,0.0,0.0,0.0
P,0.0,0.0,1.16,1.16,0.0,0.0,0.0,0.0,0.0,1.16,1.16,0.0,0.0,0.0,0.0,0.0,0.0,0.0,0.0,0.0
Q,0.0,0.0,0.0,0.0,1.16,0.0,0.0,0.0,1.16,0.0,0.0,0.0,1.16,0.0,0.0,0.0,0.0,0.0,0.0,0.0
R,0.0,0.0,0.0,0.0,0.0,0.0,1.16,0.0,0.0,0.0,0.0,0.0,0.0,1.16,0.0,0.0,1.16,0.0,0.0,0.0
S,0.0,0.0,0.0,0.0,0.0,0.0,0.0,0.0,0.0,0.0,0.0,0.0,0.0,0.0,1.16,0.0,0.0,0.0,0.0,0.0
T,1.16,0.0,0.0,0.0,0.0,0.0,0.0,0.0,0.0,0.0,0.0,0.0,1.16,1.16,0.0,0.0,0.0,0.0,0.0,0.0
V,1.16,0.0,1.16,0.0,0.0,1.16,0.0,0.0,0.0,0.0,3.49,0.0,0.0,0.0,0.0,0.0,0.0,0.0,0.0,0.0
W,0.0,0.0,0.0,0.0,0.0,0.0,0.0,0.0,0.0,0.0,0.0,0.0,0.0,0.0,0.0,0.0,0.0,0.0,0.0,0.0
Y,0.0,0.0,0.0,0.0,0.0,0.0,0.0,0.0,0.0,1.16,0.0,0.0,0.0,0.0,0.0,0.0,0.0,1.16,0.0,0.0
