AA,A,C,D,E,F,G,H,I,K,L,M,N,P,Q,R,S,T,V,W,Y
A,2.78,0.0,0.0,0.0,0.0,4.17,0.0,0.0,0.0,4.17,0,0.0,0.0,0,0.0,5.56,3.33,0.0,4.17,0.0
C,0.0,0.0,0.0,0.0,100.0,0.0,0.0,0.0,0.0,0.0,0,0.0,0.0,0,0.0,0.0,0.0,0.0,0.0,0.0
D,0.0,0.0,0.0,50.0,0.0,12.5,0.0,0.0,0.0,0.0,0,0.0,0.0,0,0.0,0.0,0.0,0.0,0.0,0.0
E,16.67,0.0,0.0,0.0,0.0,0.0,0.0,0.0,0.0,0.0,0,0.0,0.0,0,0.0,0.0,0.0,0.0,0.0,0.0
F,0.0,0.0,0.0,0.0,0.0,0.0,0.0,0.0,0.0,0.0,0,100.0,0.0,0,0.0,0.0,0.0,0.0,0.0,0.0
G,0.0,25.0,0.0,0.0,0.0,0.0,0.0,25.0,0.0,6.25,0,0.0,0.0,0,0.0,0.0,0.0,0.0,0.0,12.5
H,0.0,0.0,0.0,0.0,0.0,0.0,25.0,0.0,0.0,0.0,0,0.0,0.0,0,0.0,0.0,0.0,0.0,0.0,0.0
I,0.0,0.0,0.0,0.0,0.0,0.0,0.0,0.0,33.33,0.0,0,0.0,0.0,0,0.0,0.0,0.0,0.0,0.0,0.0
K,5.56,0.0,0.0,0.0,0.0,0.0,0.0,0.0,0.0,0.0,0,0.0,8.33,0,0.0,0.0,0.0,0.0,8.33,0.0
L,0.0,0.0,12.5,0.0,0.0,0.0,12.5,0.0,0.0,6.25,0,0.0,0.0,0,0.0,0.0,5.0,0.0,0.0,0.0
M,0,0,0,0,0,0,0,0,0,0,0,0,0,0,0,0,0,0,0,0
N,0.0,0.0,0.0,0.0,0.0,0.0,0.0,0.0,0.0,0.0,0,0.0,0.0,0,33.33,0.0,0.0,0.0,0.0,0.0
P,0.0,0.0,0.0,0.0,0.0,0.0,0.0,0.0,0.0,0.0,0,0.0,0.0,0,0.0,8.33,5.0,25.0,6.25,0.0
Q,0,0,0,0,0,0,0,0,0,0,0,0,0,0,0,0,0,0,0,0
R,5.56,0.0,0.0,0.0,0.0,0.0,0.0,0.0,0.0,0.0,0,0.0,8.33,0,0.0,0.0,0.0,0.0,8.33,0.0
S,0.0,0.0,0.0,0.0,0.0,0.0,0.0,0.0,11.11,8.33,0,0.0,0.0,0,0.0,0.0,0.0,0.0,0.0,16.67
T,3.33,0.0,0.0,0.0,0.0,5.0,0.0,0.0,6.67,0.0,0,0.0,5.0,0,6.67,0.0,0.0,0.0,0.0,0.0
V,0.0,0.0,0.0,0.0,0.0,25.0,0.0,0.0,0.0,0.0,0,0.0,0.0,0,0.0,0.0,0.0,0.0,0.0,0.0
W,0.0,0.0,0.0,0.0,0.0,0.0,0.0,0.0,0.0,0.0,0,0.0,6.25,0,0.0,8.33,10.0,0.0,0.0,0.0
Y,8.33,0.0,25.0,0.0,0.0,0.0,0.0,0.0,0.0,0.0,0,0.0,0.0,0,0.0,0.0,0.0,0.0,0.0,0.0
