AA,A,C,D,E,F,G,H,I,K,L,M,N,P,Q,R,S,T,V,W,Y
A,2.0,0.0,0.67,0.0,0.67,4.0,0.0,0.67,0.0,0.0,0.0,0.67,0.67,0.0,0.0,0.0,0.67,0.67,0.0,0.0
C,0.0,0.0,0.0,0.0,0.0,0.0,0.0,0.0,0.0,0.0,0.0,0.0,0.0,0.0,0.0,0.0,0.0,0.0,0.0,0.0
D,0.67,0.0,0.0,0.67,0.0,0.67,0.0,0.0,0.67,0.0,0.0,0.0,0.0,0.67,0.67,0.67,0.0,0.67,0.67,0.0
E,0.67,0.0,0.67,0.0,0.67,1.33,0.0,0.0,0.0,0.0,0.0,0.0,0.0,0.0,0.0,0.67,0.0,0.0,0.0,0.0
F,2.0,0.0,0.0,0.67,0.0,0.0,0.0,0.67,0.0,0.0,0.0,0.0,0.0,0.0,0.0,0.67,0.0,0.67,0.0,0.67
G,2.0,0.0,2.0,0.0,0.0,0.67,0.0,1.33,0.67,2.0,0.67,0.0,0.0,1.33,0.67,0.67,0.67,1.33,0.0,1.33
H,0.0,0.0,0.0,0.0,0.0,0.0,0.0,0.0,0.0,0.0,0.0,0.0,0.0,0.0,0.0,0.67,0.0,0.0,0.0,0.67
I,0.0,0.0,0.0,1.33,0.0,1.33,0.67,0.0,0.67,0.0,0.0,0.0,0.67,0.0,0.0,0.0,0.0,0.0,0.0,0.0
K,0.0,0.0,0.0,0.0,0.67,0.0,0.67,0.67,0.0,0.0,0.0,0.0,0.67,0.67,0.0,0.67,0.0,0.0,0.0,0.0
L,0.0,0.0,0.0,0.0,0.67,1.33,0.0,0.0,1.33,0.0,0.0,0.67,0.0,0.0,0.0,1.33,0.67,0.0,0.0,0.0
M,0.0,0.0,0.0,0.0,0.0,0.0,0.0,0.0,0.0,0.0,0.0,0.0,0.0,0.0,0.0,0.0,0.67,0.0,0.0,0.0
N,0.67,0.0,0.67,0.0,0.67,0.67,0.0,0.0,0.0,0.67,0.0,0.0,0.0,0.0,0.0,0.0,0.0,0.0,0.0,0.0
P,0.0,0.0,0.0,0.0,0.67,0.0,0.0,0.67,0.0,0.0,0.0,0.67,0.0,0.0,0.0,0.0,0.0,0.67,0.0,0.0
Q,0.0,0.0,0.0,0.0,0.0,0.0,0.0,0.0,0.0,0.0,0.0,0.67,0.67,0.0,0.0,1.33,0.67,0.0,0.0,0.0
R,0.67,0.0,0.0,0.0,0.0,0.0,0.0,0.67,0.0,1.33,0.0,0.0,0.0,0.0,0.0,0.0,0.0,0.67,0.0,0.0
S,0.67,0.0,0.0,0.0,0.67,1.33,0.0,0.67,0.0,2.0,0.0,0.67,0.0,0.0,0.0,0.67,0.67,0.67,1.33,0.67
T,0.0,0.0,0.0,0.0,0.0,2.0,0.0,0.0,0.0,0.0,0.0,0.0,0.0,0.0,0.67,0.67,0.0,0.0,0.0,1.33
V,0.67,0.0,0.0,0.0,0.67,2.0,0.0,0.0,0.0,0.0,0.0,0.0,0.0,0.0,0.67,0.67,0.0,0.0,0.0,0.67
W,0.0,0.0,2.0,0.67,0.0,0.0,0.0,0.0,0.0,0.0,0.0,0.0,0.0,0.67,0.0,0.0,0.0,0.0,0.67,0.0
Y,0.0,0.0,0.0,0.67,0.0,0.0,0.0,0.0,0.67,0.0,0.0,0.0,0.0,0.0,0.67,1.33,0.67,0.0,1.33,0.0
